131391
65005
243578
73578
133353
156685
229654
248203
113579
230950
85906
206285
197557
163336
91922
136559
140855
211482
60090
146774
109159
61590
54210
175828
228133
90923
141168
54617
124677
186870
236328
220802
91829
154404
71462
244802
156861
161392
146516
137465
186988
223293
161790
169752
160859
115544
241194
174645
150801
64276
57996
154746
126413
136970
236767
190445
96043
109300
139096
90019
131622
104749
221628
75918
180677
187600
161370
162664
114073
198771
144219
69763
99370
229575
161276
151032
187770
120790
196390
100528
127978
116193
67101
190361
125762
80860
145052
125169
123156
84303
193929
158448
126792
160082
177355
64733
222459
192877
188674
67000
207305
60435
52503
87111
211762
87042
194874
187464
115169
115521
216179
124922
231696
184061
245399
244112
170704
109064
175011
102139
122605
211064
223471
70939
99447
184225
137025
125706
232547
224375
176842
198861
76249
123851
175221
207712
186639
242984
188131
118437
159835
113234
249532
154289
178190
98147
54760
84731
188612
224971
217315
145194
242945
213419
113973
118977
86974
181460
192585
180914
188362
73898
219358
71044
61396
227864
196257
51755
145101
241526
189091
60651
126515
228615
83246
52464
175793
167633
67770
203125
75498
94432
102150
228375
240605
213795
191177
245374
113962
138538
175824
209903
234875
170945
81642
231737
176647
166196
233094
142594
