6238
1652
0
925
4359
3915
12679
9997
0
1
1354
6768
6686
6648
0
4383
5898
9011
910
5290
0
0
0
0
9529
2039
3199
726
4171
0
1
12859
1981
0
1224
1
7046
6231
1
3191
0
0
6577
4759
0
3352
9449
4963
5607
1092
537
6385
0
1
0
0
2293
1963
3697
0
0
0
12115
1369
0
5862
4129
6372
0
6708
0
1160
0
9405
6424
5461
0
4572
0
3026
4331
2348
0
6744
0
1659
5008
4179
2426
1665
0
0
1
0
1
1281
13314
6277
5807
1051
0
0
0
1
11461
1
9290
8680
2074
0
0
4194
8430
5491
16153
9451
0
3112
4872
0
0
8079
1
1437
0
6102
5319
0
9488
1
5295
6302
1004
0
1
12175
9950
16885
5970
2404
6967
3847
11298
4134
8198
0
0
1326
6103
0
8297
0
9778
0
2251
0
1283
0
0
1
0
0
12821
1198
1008
0
0
0
0
11288
7727
0
2907
13242
1647
663
8264
7719
732
10941
0
2361
0
13455
15203
11798
6545
15046
0
1
0
7580
14500
5152
1097
14212
7422
7218
13914
5197
