4306557775
1055005470
243577
1353964618
6658860945
6139956659
19763396907
15400760726
113578
230949
1836059552
10620910474
9756851663
9994727494
91921
6993903246
7445518502
11188772941
1357769865
8079799827
109158
61589
54209
175827
13005618639
3103723910
4983367160
1117903590
5831216289
186869
236327
18275090448
3161337592
154403
1912712767
244801
9233584926
9761795881
146515
4736086896
186987
223292
9813156637
7193577996
160858
5006399032
14491709414
7621107212
8529143139
1548156511
844924679
8986222984
126412
136969
236766
190444
3456950488
2987126292
4839720902
90018
131621
104748
18406480789
2158915213
180676
8820657258
6519919702
9918477962
114072
9860837100
144218
1824374118
99369
13178618536
9761772281
8554492381
187769
3643915849
196389
3789460974
6139960663
3372018908
67100
9059385177
125761
2454478561
7890769060
5873191483
3796633204
2662029377
193928
158447
126791
160081
177354
1569892797
18540238152
9307062565
8881891797
1683364587
207304
60434
52502
87110
16803611977
87041
14220677079
13182298227
3317965071
115520
216178
5853411302
13414840724
8471218207
22606407934
14928364723
170703
4453170168
7636040635
102138
122604
11138658404
223470
1889810748
99446
8479755599
7042267814
125705
13525173145
224374
7805663618
9885847570
1453198756
123850
175220
16172367021
13042542056
22143175643
8849866934
3495014542
9575471571
4811004660
15513863468
5954751877
11918103314
98146
54759
1792793815
8900859421
224970
11811207377
145193
14765867061
213418
3243390196
118976
1895365161
181459
192584
180913
188361
73897
18041042159
1895885854
1413195006
227863
196256
51754
145100
14573531190
8925741973
60650
3997215248
19595847043
2599145312
1031355116
11596542786
10534453396
1150532942
15472557146
75497
3345477107
102149
19547007529
21705519896
17138290233
9138782176
22576901326
113961
138537
175823
11024091403
20695835641
7306918329
1665056673
20145165596
11680429220
10360872159
20383841813
7626676412
