37700
19642
149003
51891
78476
80300
145726
141724
92900
193827
77436
53353
138554
70579
73334
122114
12723
195626
10688
140387
39184
1524
28273
23198
148572
83969
43204
23059
1360
87394
128014
69885
43325
23239
9045
242833
107092
126307
44082
19412
110246
207323
43515
66312
78515
30031
87995
99508
85299
56598
44317
38481
39626
94776
165749
96504
87559
43911
127142
54378
13539
63865
168536
60063
99037
94837
124697
123833
52347
37893
12139
51617
11348
182545
23583
150895
160799
7097
74768
94612
124467
66132
22238
170295
79104
14910
31114
104755
109062
75720
83977
22477
27979
137271
55859
49310
182149
123251
155387
4549
42103
9179
47282
37644
34927
18954
90372
83486
40319
20023
81705
117055
199045
140773
123194
86425
141294
12951
58828
28181
2869
179134
193934
8725
15108
173495
133971
83406
151498
29627
94813
154681
3515
23131
161052
182529
140934
198777
156990
68954
107297
75893
36469
60220
102785
80231
41485
67073
23211
43649
101274
101309
32893
74764
77731
63048
70125
50710
22030
24665
7222
62310
54473
31340
39622
194870
89228
46382
31059
121960
83855
15831
37767
111649
5189
20106
23869
131594
39002
198309
56619
85005
69622
207523
198202
147655
155386
170883
94510
136204
25718
200655
136396
26525
25397
113868
73668
144426
135504
65875
