319321
214304
487150
161834
340446
572705
672179
788206
227139
461888
249328
451490
477766
482422
208170
344219
213289
305202
100292
367706
218299
123655
108437
351631
518273
280424
358139
149217
180316
373786
472641
544461
451394
308783
197024
520195
464464
433514
293002
274040
373955
446575
387668
280265
324217
262567
558501
378067
340539
190409
174209
208607
252802
273917
606689
380862
222897
292201
361487
180728
265281
211123
650966
224265
361335
379906
483424
347978
228190
505940
288993
197788
198735
475253
242445
340875
387294
325118
392917
246068
302122
255571
134188
492291
251982
141458
719960
225891
286055
243505
390921
316860
253551
320143
354680
168689
855511
628690
474934
106648
414597
128403
104966
174203
322146
175428
534477
476884
241005
231012
459343
390421
503742
526987
814859
484912
352359
293158
286160
204248
245164
340928
446924
115543
199002
443699
333741
251502
703396
448720
300199
432608
176837
247681
350425
605464
479903
708728
251025
360196
323251
357026
989723
458553
546936
208942
109508
288775
238107
449919
565294
300299
401375
426820
510813
239105
181134
364312
385338
361800
376698
148373
386805
254456
143457
456285
392481
103553
299266
861431
504184
121274
430764
572402
137002
256786
308157
458957
224021
611702
160430
275593
205488
526927
651636
649682
652275
626313
227902
316030
351618
334944
528604
374408
226347
624822
517612
516932
537136
408718
