34
8
29
9
14
25
33
43
19
26
14
30
29
17
12
14
15
31
8
17
8
12
4
14
36
9
20
6
15
20
21
28
9
12
13
17
17
17
13
20
24
15
19
29
10
17
39
25
19
7
8
30
8
11
20
15
11
16
29
6
10
9
28
7
13
38
22
18
8
31
10
11
8
34
17
17
15
23
19
17
15
17
5
29
15
9
15
15
21
8
15
22
9
12
14
8
26
45
30
6
13
5
4
6
29
5
21
23
16
8
19
15
33
25
29
41
14
14
25
8
10
41
17
9
7
28
17
15
38
17
29
28
11
15
11
25
22
39
28
19
21
15
46
29
23
7
4
14
36
22
33
10
40
16
17
15
12
14
14
13
14
10
26
7
7
14
14
4
17
43
30
5
20
34
9
6
19
21
11
25
15
12
8
31
31
43
29
30
8
10
15
33
29
28
11
29
19
20
51
17
