2365675
1104553
4609415
1266909
2404915
2871555
4330935
4701915
2026928
4356855
1501141
3863555
3688995
3004575
1615445
2469035
2554955
3967495
1016083
2673335
1942948
1043083
910243
3254415
4300515
1596464
2561215
917569
2237790
3475255
4464415
4153895
1613678
2825935
1226705
4633895
2875075
2965695
2668175
2487155
3477615
4203715
2973655
3132895
2955035
2064263
4561735
3230755
2753875
1091431
978391
2832775
2270774
2477255
4473195
3546755
1693744
1945627
2519775
1579288
2370295
1859158
4170415
1311369
3351395
3489855
2965255
2991135
2036314
3713275
2622235
1194424
1756957
4329355
2963375
2758495
3493255
2163937
3665655
1778959
2300509
2076594
1143846
3545075
2258405
1405267
2638895
2247138
2208891
1470684
3616435
2906815
2277975
2939495
3284955
1099657
4187035
3595395
3511335
1141927
3883955
1022293
879517
1524036
3973095
1522725
3635335
3487135
2057138
2063826
4061435
2242445
4371775
3419075
4645835
4620095
3151935
1941143
3238075
1809568
2198422
3959135
4207275
1216768
1758420
3422355
2478355
2257341
4388795
4225355
3274695
3715075
1317658
2222096
3242275
3892095
3470635
4597535
3500475
2119230
2934555
2020373
4728495
2823635
3301655
1733720
920143
1478816
3510095
4237275
4084155
2641735
4596755
4006235
2034414
2129490
1521433
3367055
3589555
3356135
3505095
1272989
4125015
1218763
1039591
4295135
3662995
866053
2639875
4568375
3519675
1026181
2272712
4310155
1450601
878815
3253715
3090515
1156557
3800355
1303389
1663135
1809777
4305355
4549955
4013755
3561395
4645335
2034205
2508615
3254335
3935915
4435355
3156755
1420125
4372595
3270795
3061775
4399735
2589735
