4242908242
1083979313
25193074807
2471745691
7385862856
9357877036
22848682058
25133653226
6236351230
25980026723
3654097157
9582831910
17773835401
9037521971
4052125426
9219926731
1711295295
22236725464
585179995
10750983235
3509682896
92762701
1133038140
3809948572
22857510332
4109365846
5165849031
993597751
168759918
12512604336
22059672816
12988977018
3040033780
3318311781
605534718
29962194508
11064313296
12408308459
5487231426
2480185468
14537720656
24802481107
6093654271
9058090549
9547663375
3019071913
17352503215
12427778520
9225322951
2036262224
1588246326
5214522652
4224238201
8490313215
25507681876
13722335466
4576192061
3835471685
9602475076
3416632571
1690502851
4650498590
23150242321
2756126737
12989675524
13294533098
12347783008
12475965916
4601363027
6814269604
1677134931
2268843382
1063355905
25246568166
3525442449
11405398713
17265176401
832180168
11888719615
5035493087
8183086427
5497437892
1244983699
17917438197
6819642051
1094541956
4029236926
7625346375
7484448376
3516710404
12759659310
3308975142
3156213951
12553043949
8346908431
1976286259
23931686676
16177009879
17245037935
294501026
7842017365
512661691
1364681947
2570739406
6786458009
1470244576
13527753625
12165809128
3830783041
2112722229
14325227010
7771874593
26308606482
16002414064
22643487391
17362940188
14137553816
1328726253
8565325914
2481382828
347759336
21764365096
24533553241
580946540
1388411338
16911956341
9383331895
7006438222
23754740203
6208888123
12272297498
18797033982
261912115
2597388187
15250913836
21255162176
16372700821
28543626300
17211865277
5789461801
11393599078
5713869526
8435419826
7478183560
13033007836
4655983309
1411250006
3433819894
4108674879
8867344726
16880314451
9577796746
7450441660
13161406306
5838256191
5513824198
3640345850
7916240656
4000168671
4158231280
1334456474
2663359074
10465626592
1735476535
1647722456
25416829660
13530953248
1324884013
4024490791
22019570707
12340542457
834908437
4065026493
19292059326
418581286
852757978
3911302396
13401108421
1882635808
20618389856
2671812871
4414319078
4688343198
25860291975
28046517313
20667041181
17633938309
27329905331
6304545278
9593735381
4191296836
21986981529
22734242770
4182685996
1751027014
19904642808
10299883898
13573682742
22404667711
7223731595
