21
7
15
5
6
11
10
22
3
5
2
22
10
10
2
3
13
4
8
1
6
6
3
15
16
2
13
3
14
9
12
16
4
11
6
3
5
5
11
15
10
3
13
15
8
9
23
11
9
1
3
12
8
5
8
9
2
11
3
3
11
4
7
2
8
18
6
5
7
22
11
2
8
9
14
1
3
19
12
1
1
8
4
5
4
7
13
3
3
1
11
13
9
4
14
1
6
12
6
6
16
5
0
4
19
5
11
12
10
8
13
1
7
12
14
23
3
10
16
6
9
6
5
6
8
3
1
4
13
17
12
9
9
8
2
5
8
7
6
8
32
4
33
16
8
2
2
3
22
17
17
5
32
13
5
6
3
13
15
14
19
2
17
7
2
5
11
1
19
23
15
4
12
13
8
4
17
5
4
2
2
2
3
4
6
8
7
10
2
2
15
4
11
19
7
13
12
3
11
9
