9426
2502
9786
6641
23348
22960
73008
70048
2531
11489
10126
19557
50019
28463
1573
29776
4619
65238
1721
36587
1427
43
500
1724
60578
13009
11148
3129
356
5509
9029
39340
9602
1269
1644
13608
35692
39978
2360
3895
6982
10634
18217
20720
4195
9086
38647
32565
29371
6344
4483
16527
1787
3574
10681
5637
15048
10057
27651
1325
836
1957
76252
8907
4971
33381
33446
41114
1871
11696
639
7564
421
69853
9903
37413
7022
1371
4769
17550
29685
15384
487
49719
2625
3282
13231
25120
20953
11212
5223
1394
1221
5820
4180
6457
77993
43523
48961
716
3201
210
552
1031
19032
559
41472
37490
8241
798
6005
24350
72533
44716
71318
38358
6423
3654
18764
1062
134
60259
10354
1679
547
49308
30552
2942
63571
2481
31380
51453
262
1052
6160
77124
53370
92317
47776
14807
37631
18757
13309
18105
42579
1954
583
10324
5875
3904
41749
3637
11327
5625
15634
2592
10210
3137
1597
1707
741
1129
31209
5904
5458
11511
6632
575
2219
63275
29920
345
8604
62311
1029
2808
11204
43961
4860
67273
1332
14262
1928
91402
91259
66844
48562
99979
2612
4108
1825
61033
71875
6931
3818
63471
32728
43557
71562
22620
