804355
987614
428252
741123
1513744
3371938
196342
613042
868352
904252
1518477
3482817
703396
428422
269374
141583
878015
2208785
1949751
1030315
1181935
490857
1167450
2289523
1799962
2343488
427065
218405
3315520
1122277
3774739
140707
2717275
960893
1907993
2203232
2553929
2001566
2503020
664323
1790781
1191930
1813406
567729
3060293
403007
1561323
1835053
331057
1231141
1069643
1317040
710614
813974
692508
768391
1175933
919305
1629180
740060
2104035
1070690
497405
778747
874953
4002027
844940
147188
1826893
2293928
1278741
465590
670588
376914
2056709
1131408
3160796
1581215
2289402
575004
2492346
1453203
1886901
419000
1116077
788566
551307
1241183
2305827
551597
345560
2644456
765779
1266763
399441
2584524
766255
1033544
856573
1465473
