1195811664
4951653
5383046
3814723
2001565567
3234657047
714962048
705697512
709420394
2695788
3288299
2593780920
2730254690
1255058
3186618
3566553
3090936671
3573495
4529621
1887437
1485044967
6455763
4252219
2194452360
1598797511
3223114701
785116860
2369997
4693804
2921195586
3306730176
1985981
4344769
5280104
2768992066
2763875941
3633677
2110112853
6006874
5334193
4893031
1691996877
2135936172
817450176
4947797
3081357836
4180381
2456164694
3249823
3557509
4544845
2185192
4621379
4983635
897103211
1109984267
952183532
2349606782
2786084008
1112228
1968554237
3030055
666209290
4605348
1512909512
5475174
4294672
1231423
1725051571
3750286
4754551
2715881457
1011989
3099194
3194375262
1914136
4298803
2782414
3404552
1526611
2400510536
4834303
2600504
1358813956
1410104
1153106363
1065395
2532355
3097775894
1561288
1369125
3079790676
1874528
5830956
6092803
5311365
640894865
1812924
2985677
4866225
