14
26
8516
22
28
26
23
19
8817
13884
16
21
15
25
11682
19
10
28
9
21
13884
13884
13884
13884
14
23
18
25
23
13884
13884
34
35
13884
27
1237
25
41
13884
14
13884
10045
23
23
13884
42
23
13
18
22
29
27
13884
13884
13884
13884
23
25
21
13884
13884
13884
22
26
13884
22
22
30
13884
14
13884
16
13884
15
16
18
13884
23
13884
19
19
28
13884
17
13884
18
19
28
17
20
13884
13884
13884
13884
13884
31
20
17
23
11
13884
13884
3279
13884
20
13884
19
34
19
13884
13884
14
16
21
32
23
13884
17
16
13884
13884
18
13884
17
13884
31
3
13884
18
13884
25
23
19
13884
8968
22
23
37
25
26
32
22
26
19
19
11347
8345
21
23
13884
21
13884
16
13884
29
13884
17
13884
13884
13884
13884
7300
15
30
22
13884
13884
3374
13884
29
18
13884
25
18
18
44
23
25
23
21
11890
25
13884
19
31
23
24
41
12279
1491
13884
18
21
26
20
27
19
27
21
21
