26
5
6036
6
10
13
17
20
2494
6566
7
17
20
12
1981
11
10
18
4
11
2389
1452
1214
4514
21
7
11
4
9
4564
5882
17
7
3755
5
6304
12
11
3298
11
4520
5457
11
15
3839
9
22
14
12
6
5
15
2769
3182
6135
4616
6
8
12
1972
3232
2618
18
6
4231
19
13
11
2674
18
3235
4
2304
21
12
12
4534
14
4939
9
10
11
1551
17
2790
6
11
11
11
6
4747
4660
3632
3655
5187
5
18
21
18
5
4815
1261
1092
1998
17
1820
15
15
9
2504
5294
11
19
15
20
20
3886
8
15
2356
3008
20
5086
5
2229
15
11
3084
22
5683
17
16
7
3297
3972
16
14
20
17
11
13
17
26
14
14
2114
1185
7
18
5494
20
3254
20
5419
10
2623
8
4135
4742
5332
5044
1671
17
4
4
5901
5376
1103
3826
27
17
1241
12
17
6
4
12
14
5
17
1631
8
2468
19
19
17
17
21
2776
3815
4549
19
19
16
7
20
13
14
19
11
