5
3
1831
1
1
1
1
2
1149
3750
0
2
2
1
1044
1
1
1
1
1
1523
746
717
2655
2
0
1
1
1
2673
3266
2
1
2049
0
571
2
1
2161
2
2773
2395
1
2
2346
1
3
1
1
0
0
1
1841
2024
3544
3048
0
1
1
1149
1822
1347
2
1
2374
2
2
0
1618
2
1866
0
1289
1
1
1
2648
2
2941
0
1
1
932
1
1688
0
2
1
0
0
2821
2393
1809
2482
3000
1
1
1
2
0
2921
758
177
1103
2
1051
1
1
1
1511
3063
1
2
2
2
3
2460
1
1
1380
1616
2
3337
0
1377
2
0
1651
2
3260
1
2
1
1634
1624
2
1
2
1
1
2
1
2
1
1
1106
432
1
1
3290
2
1970
1
3167
2
1576
0
2735
2636
2590
2614
570
2
1
1
3513
2915
189
2742
3
2
789
2
2
0
1
1
2
1
0
864
0
1356
1
2
2
2
3
1372
236
2744
1
2
1
1
2
1
1
1
1
