5936299276
15620005955
22839846925
13962900574
9255698469
14935932704
1927122070
1357354006
636489778
7335725260
4081440133
1214812561
21323392384
1456147701
9339634963
11457554869
26850501467
6848791591
16464995808
1803184053
5140205279
30036465029
17454131476
7134455511
3123970329
23401972744
2073099106
5175278440
5408633724
23509260102
11812495906
4854901488
6723517841
27100400503
18088575571
16291102372
790770436
7969478279
13496565116
27367917121
15148206029
7115496319
9424577977
2024706310
11392316211
27152220369
13879851391
13688872852
8163731677
11333327407
14858784190
2935599732
15359248126
20824387645
2212831021
3398567370
891468421
15590052580
19691385242
349548760
5437469533
7435054586
1406667643
18958528216
6346125418
4036531863
18441361782
1950786226
4343730805
7332178261
11921602474
21341302984
387184731
9141156936
24544832178
2163258838
2987374312
2487933127
4458380903
2347883068
8547610105
13945394421
1869836354
5810604361
135321236
3659353571
1052438674
4080309414
21345253381
1994503375
1659962251
18563810911
1871505298
24872441770
28984760806
20836067854
647931331
2568345367
8919586894
20626641379
