3162
59097
80684
44117
4074
6383
1064
633
378
22181
13393
792
10430
5187
33340
40803
12518
15473
46084
4344
2242
111737
53242
3246
1387
10691
942
18069
8954
10223
5862
14930
13963
82087
8188
7473
1982
3478
45255
83877
52682
3433
4394
924
25151
12811
38997
6366
28778
36479
53481
6916
56358
75032
975
1564
411
7414
9014
1073
2599
20676
598
56534
2598
5021
67024
5980
1904
16457
40208
9957
715
31592
11460
4728
3718
7959
8563
6607
3655
47860
3016
2530
104
1689
2790
10565
10142
6943
5583
8329
7286
87963
105507
53652
264
7091
24986
60178
